image: mymap_fromElevationMapping_13_12_21.pgm
resolution: 0.050000
origin: [-17.250000, -18.850000, 0.000000]
negate: 0
occupied_thresh: 0.65
free_thresh: 0.196

